54548	353148			
79752	356417			
79633	356414			
361007	455408			
61634	575615			
476056	576136			
17223	495650			
85313	356706			
79141	373686			
39297	537525			
87732	356581			
79449	355053			
565883	83905			
130605	578877			
133210	319767	323623	387248	
319780	323635			
207414	340586			
131369	576666			
135082	295425			
65863	229505			
73152	363476			
78601	352037			
54562	126967			
90503	438832			
128193	352385			
81398	372128			
77054	358017			
86698	354042			
91868	441815			
72867	492806			
82509	360877			
75795	341343			
74426	350543	496440		
90503	438832			
80839	346322			
88069	362504			
84735	365788			
78452	351886			
89638	361262			
132436	470246			
54037	350542			
131708	344753			
130962	371663			
34663	314157			
88148	362603			
91296	353469			
126438	684804			
510985	560501			
76611	364906			
132829	370193			
126316	344063			
133630	355456			
132542	361433			
119182	127752			
206169				
131267	505743			
99985	567338			
121923	567422			
342269	572185			
80860	347111			
131551	333675	362114		
375112	86460			
367484	88567			
493810	85074	374380		
56818	374106			
81465	371349			
371608	81951			
78167	352258			
74058	350797	474039		
129208	439204			
81497	372081			
129440	330345			
55420	351063	441189		
81840	371865			
91719	360368			
84544	365931			
74475	349832			
82725	365376			
74248	441190			
232393	374458			
205098	331272	461194		
128402	303087
128402	303087
123984	124003
126312	344162
204294	217187
92525	446935
326164	333658
130769	370687
65871	126213
124003	326167
32024	93470
32024	380725
